7.08123362e-01 7.00858187e-01 6.86402377e-01 6.64904244e-01 6.36584354e-01 6.01733263e-01 5.60708533e-01 5.13931070e-01 4.61880798e-01 4.05091740e-01 3.44146539e-01 2.79670478e-01 2.12325065e-01 1.42801248e-01 7.18123249e-02 8.66247540e-05 -7.16399642e-02 -1.42631544e-01 -2.12159759e-01 -2.79511267e-01 -3.43995056e-01 -4.04949538e-01 -4.61749337e-01 -5.13811699e-01 -5.60602477e-01 -6.01641608e-01 -6.36508043e-01 -6.64844058e-01 -6.86358934e-01 -7.00831934e-01 -7.08114567e-01 2.11710491e+00 2.09538393e+00 2.05216481e+00 1.98789098e+00 1.90322186e+00 1.79902615e+00 1.67637287e+00 1.53652040e+00 1.38090361e+00 1.21111908e+00 1.02890876e+00 8.36142081e-01 6.34796790e-01 4.26938638e-01 2.14700198e-01 2.58985513e-04 -2.14184884e-01 -4.26431268e-01 -6.34302570e-01 -8.35666081e-01 -1.02845586e+00 -1.21069393e+00 -1.38051057e+00 -1.53616351e+00 -1.67605578e+00 -1.79875213e+00 -1.90299371e+00 -1.98771104e+00 -2.05203493e+00 -2.09530543e+00 -2.11707862e+00 3.50436548e+00 3.46841153e+00 3.39687253e+00 3.29048243e+00 3.15033277e+00 2.97786146e+00 2.77483802e+00 2.54334540e+00 2.28575868e+00 2.00472062e+00 1.70311462e+00 1.38403507e+00 1.05075565e+00 7.06695740e-01 3.55385298e-01 4.28689143e-04 -3.54532318e-01 -7.05855910e-01 -1.04993759e+00 -1.38324716e+00 -1.70236496e+00 -2.00401690e+00 -2.28510811e+00 -2.54275466e+00 -2.77431316e+00 -2.97740788e+00 -3.14995512e+00 -3.29018458e+00 -3.39665754e+00 -3.46828161e+00 -3.50432195e+00 4.85567210e+00 4.80585407e+00 4.70672915e+00 4.55931432e+00 4.36512203e+00 4.12614464e+00 3.84483400e+00 3.52407630e+00 3.16716242e+00 2.77775422e+00 2.35984694e+00 1.91772819e+00 1.45593402e+00 9.79202315e-01 4.92424232e-01 5.93994526e-04 -4.91242337e-01 -9.78038640e-01 -1.45480050e+00 -1.91663647e+00 -2.35880820e+00 -2.77677913e+00 -3.16626098e+00 -3.52325776e+00 -3.84410676e+00 -4.12551616e+00 -4.36459875e+00 -4.55890162e+00 -4.70643126e+00 -4.80567405e+00 -4.85561179e+00 6.15716070e+00 6.09398971e+00 5.96829587e+00 5.78136875e+00 5.53512619e+00 5.23209457e+00 4.87538292e+00 4.46865102e+00 4.01607184e+00 3.52228873e+00 2.99236780e+00 2.43174589e+00 1.84617485e+00 1.24166251e+00 6.24411011e-01 7.53205669e-04 -6.22912328e-01 -1.24018693e+00 -1.84473752e+00 -2.43036154e+00 -2.99105064e+00 -3.52105228e+00 -4.01492878e+00 -4.46761308e+00 -4.87446075e+00 -5.23129763e+00 -5.53446266e+00 -5.78084543e+00 -5.96791814e+00 -6.09376144e+00 -6.15708422e+00 7.39547831e+00 7.31960249e+00 7.16862932e+00 6.94410774e+00 6.64834129e+00 6.28436447e+00 5.85591158e+00 5.36737846e+00 4.82377733e+00 4.23068541e+00 3.59418768e+00 2.92081446e+00 2.21747438e+00 1.49138355e+00 7.49991485e-01 9.04689103e-04 -7.48191388e-01 -1.48961120e+00 -2.21574797e+00 -2.91915169e+00 -3.59260562e+00 -4.22920029e+00 -4.82240439e+00 -5.36613178e+00 -5.85480395e+00 -6.28340725e+00 -6.64754431e+00 -6.94347917e+00 -7.16817561e+00 -7.31932830e+00 -7.39538646e+00 8.55792011e+00 8.47011792e+00 8.29541436e+00 8.03560186e+00 7.69334602e+00 7.27215831e+00 6.77636001e+00 6.21103790e+00 5.58199203e+00 4.89567628e+00 4.15913207e+00 3.37991617e+00 2.56602315e+00 1.72580335e+00 8.67877227e-01 1.04689065e-03 -8.65794186e-01 -1.72375242e+00 -2.56402538e+00 -3.37799205e+00 -4.15730134e+00 -4.89395773e+00 -5.58040328e+00 -6.20959525e+00 -6.77507828e+00 -7.27105063e+00 -7.69242376e+00 -8.03487449e+00 -8.29488934e+00 -8.46980063e+00 -8.55781381e+00 9.63255971e+00 9.53373198e+00 9.33709045e+00 9.04465264e+00 8.65941887e+00 8.18534156e+00 7.62728462e+00 6.99097358e+00 6.28293685e+00 5.51043869e+00 4.68140477e+00 3.80434077e+00 2.88824515e+00 1.94251683e+00 9.76858758e-01 1.17835134e-03 -9.74514145e-01 -1.94020836e+00 -2.88599651e+00 -3.80217503e+00 -4.67934415e+00 -5.50850433e+00 -6.28114859e+00 -6.98934978e+00 -7.62584194e+00 -8.18409479e+00 -8.65838081e+00 -9.04383393e+00 -9.33649951e+00 -9.53337485e+00 -9.63244007e+00 1.06083716e+01 1.04995322e+01 1.02829703e+01 9.96090747e+00 9.53664818e+00 9.01454518e+00 8.39995513e+00 7.69918357e+00 6.91942024e+00 6.06866534e+00 5.15564739e+00 4.18973375e+00 3.18083445e+00 2.13930055e+00 1.07581795e+00 1.29772244e-03 -1.07323582e+00 -2.13675823e+00 -3.17835801e+00 -4.18734861e+00 -5.15337802e+00 -6.06653502e+00 -6.91745084e+00 -7.69739528e+00 -8.39836630e+00 -9.01317211e+00 -9.53550496e+00 -9.96000583e+00 -1.02823194e+01 -1.04991389e+01 -1.06082398e+01 1.14753441e+01 1.13576099e+01 1.11233493e+01 1.07749658e+01 1.03160338e+01 9.75126175e+00 9.08644413e+00 8.32840179e+00 7.48491206e+00 6.56462894e+00 5.57699431e+00 4.53214107e+00 3.44078915e+00 2.31413557e+00 1.16373952e+00 1.40377922e-03 -1.16094636e+00 -2.31138548e+00 -3.43811033e+00 -4.52956101e+00 -5.57453948e+00 -6.56232452e+00 -7.48278170e+00 -8.32646735e+00 -9.08472545e+00 -9.74977647e+00 -1.03147971e+01 -1.07739905e+01 -1.11226453e+01 -1.13571844e+01 -1.14752016e+01 1.22245824e+01 1.20991611e+01 1.18496054e+01 1.14784756e+01 1.09895794e+01 1.03879327e+01 9.67970841e+00 8.87217263e+00 7.97361049e+00 6.99324104e+00 5.94112262e+00 4.82804972e+00 3.66544219e+00 2.46522812e+00 1.23972140e+00 1.49543356e-03 -1.23674587e+00 -2.46229846e+00 -3.66258847e+00 -4.82530120e+00 -5.93850751e+00 -6.99078616e+00 -7.97134104e+00 -8.87011188e+00 -9.67787752e+00 -1.03863505e+01 -1.09882620e+01 -1.14774366e+01 -1.18488554e+01 -1.20987079e+01 -1.22244306e+01 1.28483994e+01 1.27165779e+01 1.24542874e+01 1.20642190e+01 1.15503745e+01 1.09180260e+01 1.01736612e+01 9.32491711e+00 8.38050160e+00 7.35010417e+00 6.24429644e+00 5.07442374e+00 3.85248868e+00 2.59102802e+00 1.30298403e+00 1.57174512e-03 -1.29985667e+00 -2.58794886e+00 -3.84948933e+00 -5.07153497e+00 -6.24154788e+00 -7.34752402e+00 -8.37811634e+00 -9.32275121e+00 -1.01717369e+01 -1.09163630e+01 -1.15489899e+01 -1.20631269e+01 -1.24534992e+01 -1.27161016e+01 -1.28482398e+01 1.33403950e+01 1.32035257e+01 1.29311915e+01 1.25261864e+01 1.19926656e+01 1.13361030e+01 1.05632347e+01 9.68199020e+00 8.70141079e+00 7.63155701e+00 6.48340529e+00 5.26873541e+00 4.00000957e+00 2.69024460e+00 1.35287837e+00 1.63193095e-03 -1.34963125e+00 -2.68704754e+00 -3.99689537e+00 -5.26573601e+00 -6.48055148e+00 -7.62887806e+00 -8.69893419e+00 -9.67974136e+00 -1.05612367e+01 -1.13343763e+01 -1.19912280e+01 -1.25250526e+01 -1.29303731e+01 -1.32030311e+01 -1.33402293e+01 1.36955213e+01 1.35550085e+01 1.32754247e+01 1.28596382e+01 1.23119149e+01 1.16378743e+01 1.08444320e+01 9.93972841e+00 8.93304560e+00 7.83471191e+00 6.65599597e+00 5.40899112e+00 4.10649132e+00 2.76185992e+00 1.38889250e+00 1.67537356e-03 -1.38555894e+00 -2.75857775e+00 -4.10329422e+00 -5.40591188e+00 -6.65306619e+00 -7.83196165e+00 -8.93050308e+00 -9.93741970e+00 -1.08423808e+01 -1.16361017e+01 -1.23104390e+01 -1.28584741e+01 -1.32745845e+01 -1.35545008e+01 -1.36953512e+01 1.39101348e+01 1.37674202e+01 1.34834552e+01 1.30611532e+01 1.25048469e+01 1.18202439e+01 1.10143680e+01 1.00954874e+01 9.07302953e+00 7.95748457e+00 6.76029774e+00 5.49375189e+00 4.17084147e+00 2.80513922e+00 1.41065692e+00 1.70162725e-03 -1.40727113e+00 -2.80180562e+00 -4.16759426e+00 -5.49062440e+00 -6.75732205e+00 -7.95469121e+00 -9.07044716e+00 -1.00931425e+01 -1.10122847e+01 -1.18184434e+01 -1.25033478e+01 -1.30599709e+01 -1.34826018e+01 -1.37669045e+01 -1.39099621e+01 1.39820338e+01 1.38385815e+01 1.35531487e+01 1.31286639e+01 1.25694821e+01 1.18813405e+01 1.10712993e+01 1.01476691e+01 9.11992636e+00 7.99861535e+00 6.79524048e+00 5.52214809e+00 4.19239978e+00 2.81963847e+00 1.41794835e+00 1.71042265e-03 -1.41454505e+00 -2.81628764e+00 -4.18913580e+00 -5.51900443e+00 -6.79224941e+00 -7.99580756e+00 -9.11733065e+00 -1.01453121e+01 -1.10692052e+01 -1.18795308e+01 -1.25679754e+01 -1.31274755e+01 -1.35522909e+01 -1.38380631e+01 -1.39818601e+01 1.39104805e+01 1.37677623e+01 1.34837902e+01 1.30614777e+01 1.25051576e+01 1.18205375e+01 1.10146417e+01 1.00957382e+01 9.07325496e+00 7.95768228e+00 6.76046570e+00 5.49388838e+00 4.17094509e+00 2.80520892e+00 1.41069197e+00 1.70166953e-03 -1.40730609e+00 -2.80187523e+00 -4.16769781e+00 -5.49076082e+00 -6.75748994e+00 -7.95488885e+00 -9.07067252e+00 -1.00933933e+01 -1.10125583e+01 -1.18187371e+01 -1.25036585e+01 -1.30602954e+01 -1.34829368e+01 -1.37672466e+01 -1.39103077e+01 1.36962089e+01 1.35556891e+01 1.32760913e+01 1.28602839e+01 1.23125331e+01 1.16384587e+01 1.08449765e+01 9.94022750e+00 8.93349415e+00 7.83510531e+00 6.65633018e+00 5.40926271e+00 4.10669751e+00 2.76199859e+00 1.38896223e+00 1.67545769e-03 -1.38562851e+00 -2.75871626e+00 -4.10350025e+00 -5.40618332e+00 -6.65340025e+00 -7.83235491e+00 -8.93095149e+00 -9.93791867e+00 -1.08429252e+01 -1.16366859e+01 -1.23110571e+01 -1.28591198e+01 -1.32752510e+01 -1.35551814e+01 -1.36960388e+01 1.33414176e+01 1.32045379e+01 1.29321828e+01 1.25271467e+01 1.19935850e+01 1.13369721e+01 1.05640445e+01 9.68273243e+00 8.70207784e+00 7.63214205e+00 6.48390231e+00 5.26913931e+00 4.00031621e+00 2.69045083e+00 1.35298208e+00 1.63205606e-03 -1.34973471e+00 -2.68725353e+00 -3.99720177e+00 -5.26613969e+00 -6.48104829e+00 -7.62946289e+00 -8.69960106e+00 -9.68048341e+00 -1.05620463e+01 -1.13352452e+01 -1.19921473e+01 -1.25260127e+01 -1.29313643e+01 -1.32040433e+01 -1.33412519e+01 1.28497466e+01 1.27179113e+01 1.24555933e+01 1.20654839e+01 1.15515856e+01 1.09191708e+01 1.01747280e+01 9.32589486e+00 8.38138033e+00 7.35087485e+00 6.24495118e+00 5.07495581e+00 3.85289263e+00 2.59129970e+00 1.30312065e+00 1.57190992e-03 -1.29999296e+00 -2.58822022e+00 -3.84989296e+00 -5.07206674e+00 -6.24220233e+00 -7.34829443e+00 -8.37899481e+00 -9.32372873e+00 -1.01728034e+01 -1.09175076e+01 -1.15502009e+01 -1.20643918e+01 -1.24548050e+01 -1.27174349e+01 -1.28495870e+01 1.22262403e+01 1.21008020e+01 1.18512124e+01 1.14800323e+01 1.09910698e+01 1.03893415e+01 9.68102117e+00 8.87337587e+00 7.97469187e+00 6.99418946e+00 5.94192835e+00 4.82870450e+00 3.66593930e+00 2.46556245e+00 1.23988953e+00 1.49563637e-03 -1.23691360e+00 -2.46263240e+00 -3.66308519e+00 -4.82595561e+00 -5.93931288e+00 -6.99173425e+00 -7.97242211e+00 -8.87131484e+00 -9.67919003e+00 -1.03877591e+01 -1.09897522e+01 -1.14789931e+01 -1.18504624e+01 -1.21003487e+01 -1.22260884e+01 1.14772957e+01 1.13595414e+01 1.11252410e+01 1.07767983e+01 1.03177882e+01 9.75292012e+00 9.08798944e+00 8.32981818e+00 7.48618500e+00 6.56574537e+00 5.57794277e+00 4.53291184e+00 3.44137432e+00 2.31452913e+00 1.16393743e+00 1.40401796e-03 -1.16114380e+00 -2.31177857e+00 -3.43869504e+00 -4.53033134e+00 -5.57548752e+00 -6.56344056e+00 -7.48405428e+00 -8.32788341e+00 -9.08627047e+00 -9.75143459e+00 -1.03165513e+01 -1.07758228e+01 -1.11245369e+01 -1.13591159e+01 -1.14771531e+01 1.06105968e+01 1.05017347e+01 1.02851272e+01 9.96299690e+00 9.53864861e+00 9.01643610e+00 8.40171713e+00 7.70079857e+00 6.92087168e+00 6.06993832e+00 5.15672885e+00 4.19061260e+00 3.18150167e+00 2.13974930e+00 1.07604362e+00 1.29799466e-03 -1.07346095e+00 -2.13720644e+00 -3.17902471e+00 -4.18822696e+00 -5.15445901e+00 -6.06780755e+00 -6.91890186e+00 -7.69900990e+00 -8.40012796e+00 -9.01506274e+00 -9.53750515e+00 -9.96209507e+00 -1.02844763e+01 -1.05013413e+01 -1.06104650e+01 9.63503579e+00 9.53618265e+00 9.33949058e+00 9.04697759e+00 8.66164480e+00 8.18744562e+00 7.62924523e+00 6.99277063e+00 6.28455189e+00 5.51185517e+00 4.68260814e+00 3.80531868e+00 2.88898758e+00 1.94301616e+00 9.77109862e-01 1.17865424e-03 -9.74764646e-01 -1.94070710e+00 -2.88673836e+00 -3.80315239e+00 -4.68054699e+00 -5.50992031e+00 -6.28276318e+00 -6.99114641e+00 -7.62780218e+00 -8.18619853e+00 -8.66060647e+00 -9.04615867e+00 -9.33889948e+00 -9.53582543e+00 -9.63491611e+00 8.56062161e+00 8.47279170e+00 8.29803299e+00 8.03813848e+00 7.69577460e+00 7.27445393e+00 6.77849912e+00 6.21299855e+00 5.58375412e+00 4.89722171e+00 4.16044500e+00 3.38098312e+00 2.56683318e+00 1.72634814e+00 8.68151192e-01 1.04722112e-03 -8.66067494e-01 -1.72429657e+00 -2.56483477e+00 -3.37905839e+00 -4.15861369e+00 -4.89550261e+00 -5.58216487e+00 -6.21155545e+00 -6.77721698e+00 -7.27334590e+00 -7.69485205e+00 -8.03741088e+00 -8.29750781e+00 -8.47247432e+00 -8.56051528e+00 7.39837753e+00 7.32247196e+00 7.17143960e+00 6.94683000e+00 6.65094761e+00 6.28682810e+00 5.85820725e+00 5.36948261e+00 4.82566837e+00 4.23234395e+00 3.59559669e+00 2.92195949e+00 2.21834368e+00 1.49196821e+00 7.50285500e-01 9.05043764e-04 -7.48484698e-01 -1.49019517e+00 -2.21661660e+00 -2.92029607e+00 -3.59401402e+00 -4.23085824e+00 -4.82429489e+00 -5.36823543e+00 -5.85709918e+00 -6.28587050e+00 -6.65015031e+00 -6.94620119e+00 -7.17098572e+00 -7.32219766e+00 -7.39828563e+00 6.16022787e+00 6.09702542e+00 5.97126897e+00 5.78424873e+00 5.53788350e+00 5.23470093e+00 4.87781158e+00 4.47087707e+00 4.01807244e+00 3.52404335e+00 2.99385844e+00 2.43295726e+00 1.84709452e+00 1.24228104e+00 6.24722060e-01 7.53580877e-04 -6.23222630e-01 -1.24080473e+00 -1.84565647e+00 -2.43157222e+00 -2.99254063e+00 -3.52280629e+00 -4.01692881e+00 -4.46983862e+00 -4.87688895e+00 -5.23390359e+00 -5.53721964e+00 -5.78372515e+00 -5.97089104e+00 -6.09679703e+00 -6.16015136e+00 4.85887577e+00 4.80902488e+00 4.70983456e+00 4.56232247e+00 4.36800205e+00 4.12886699e+00 3.84737075e+00 3.52640141e+00 3.16925205e+00 2.77958693e+00 2.36140392e+00 1.91899347e+00 1.45689462e+00 9.79848373e-01 4.92749123e-01 5.94386432e-04 -4.91566449e-01 -9.78683931e-01 -1.45576035e+00 -1.91790102e+00 -2.36036449e+00 -2.77861120e+00 -3.16835002e+00 -3.52558233e+00 -3.84664303e+00 -4.12823809e+00 -4.36747843e+00 -4.56190949e+00 -4.70953647e+00 -4.80884474e+00 -4.85881542e+00 3.50767278e+00 3.47168491e+00 3.40007838e+00 3.29358787e+00 3.15330595e+00 2.98067187e+00 2.77745682e+00 2.54574573e+00 2.28791590e+00 2.00661261e+00 1.70472196e+00 1.38534128e+00 1.05174732e+00 7.07362696e-01 3.55720699e-01 4.29093726e-04 -3.54866914e-01 -7.06522073e-01 -1.05092849e+00 -1.38455263e+00 -1.70397159e+00 -2.00590822e+00 -2.28726472e+00 -2.54515443e+00 -2.77693147e+00 -2.98021786e+00 -3.15292794e+00 -3.29328975e+00 -3.39986319e+00 -3.47155486e+00 -3.50762921e+00 2.12048191e+00 2.09872628e+00 2.05543822e+00 1.99106187e+00 1.90625770e+00 1.80189578e+00 1.67904685e+00 1.53897131e+00 1.38310629e+00 1.21305094e+00 1.03054997e+00 8.37475814e-01 6.35809357e-01 4.27619649e-01 2.15042667e-01 2.59398622e-04 -2.14526531e-01 -4.27111470e-01 -6.35314348e-01 -8.36999055e-01 -1.03009635e+00 -1.21262511e+00 -1.38271263e+00 -1.53861385e+00 -1.67872927e+00 -1.80162132e+00 -1.90602918e+00 -1.99088164e+00 -2.05530813e+00 -2.09864766e+00 -2.12045557e+00 7.11535412e-01 7.04235231e-01 6.89709766e-01 6.68108045e-01 6.39651698e-01 6.04632678e-01 5.63410274e-01 5.16407416e-01 4.64106342e-01 4.07043650e-01 3.45804788e-01 2.81018053e-01 2.13348140e-01 1.43489327e-01 7.21583483e-02 8.70421502e-05 -7.19851570e-02 -1.43318806e-01 -2.13182038e-01 -2.80858075e-01 -3.45652575e-01 -4.06900763e-01 -4.63974248e-01 -5.16287469e-01 -5.63303706e-01 -6.04540582e-01 -6.39575019e-01 -6.68047570e-01 -6.89666114e-01 -7.04208850e-01 -7.11526574e-01
3.59091545e-02 1.07359044e-01 1.77707456e-01 2.46232633e-01 3.12231522e-01 3.75026991e-01 4.33974773e-01 4.88470080e-01 5.37953801e-01 5.81918246e-01 6.19912351e-01 6.51546305e-01 6.76495551e-01 6.94504116e-01 7.05387236e-01 7.09033254e-01 7.05404762e-01 6.94538988e-01 6.76547411e-01 6.51614622e-01 6.19996423e-01 5.82017212e-01 5.38066644e-01 4.88595642e-01 4.34111767e-01 3.75174011e-01 3.12387059e-01 2.46395092e-01 1.77875171e-01 1.07530293e-01 3.60821806e-02 1.07359044e-01 3.20975655e-01 5.31299133e-01 7.36171610e-01 9.33491145e-01 1.12123329e+00 1.29747184e+00 1.46039865e+00 1.60834213e+00 1.73978440e+00 1.85337690e+00 1.94795421e+00 2.02254597e+00 2.07638690e+00 2.10892461e+00 2.11982525e+00 2.10897700e+00 2.07649116e+00 2.02270102e+00 1.94815846e+00 1.85362826e+00 1.74008028e+00 1.60867950e+00 1.46077405e+00 1.29788142e+00 1.12167284e+00 9.33956162e-01 7.36657322e-01 5.31800556e-01 3.21487644e-01 1.07876347e-01 1.77707456e-01 5.31299133e-01 8.79439809e-01 1.21855765e+00 1.54517337e+00 1.85593600e+00 2.14765717e+00 2.41734389e+00 2.66222925e+00 2.87980078e+00 3.06782625e+00 3.22437657e+00 3.34784556e+00 3.43696646e+00 3.49082492e+00 3.50886836e+00 3.49091165e+00 3.43713904e+00 3.34810221e+00 3.22471466e+00 3.06824231e+00 2.88029054e+00 2.66278769e+00 2.41796528e+00 2.14833512e+00 1.85666357e+00 1.54594310e+00 1.21936163e+00 8.80269796e-01 5.32146610e-01 1.78563729e-01 2.46232633e-01 7.36171610e-01 1.21855765e+00 1.68844157e+00 2.14100250e+00 2.57159726e+00 2.97580805e+00 3.34948776e+00 3.68880255e+00 3.99027111e+00 4.25080045e+00 4.46771761e+00 4.63879706e+00 4.76228358e+00 4.83691021e+00 4.86191132e+00 4.83703039e+00 4.76252270e+00 4.63915267e+00 4.46818606e+00 4.25137694e+00 3.99094972e+00 3.68957632e+00 3.35034876e+00 2.97674743e+00 2.57260539e+00 2.14206904e+00 1.68955557e+00 1.21970768e+00 7.37345880e-01 2.47419090e-01 3.12231522e-01 9.33491145e-01 1.54517337e+00 2.14100250e+00 2.71486545e+00 3.26087455e+00 3.77342785e+00 4.24726670e+00 4.67752962e+00 5.05980221e+00 5.39016246e+00 5.66522094e+00 5.88215562e+00 6.03874081e+00 6.13336997e+00 6.16507225e+00 6.13352236e+00 6.03904402e+00 5.88260655e+00 5.66581496e+00 5.39089347e+00 5.06066272e+00 4.67851079e+00 4.24835847e+00 3.77461902e+00 3.26215289e+00 2.71621786e+00 2.14241509e+00 1.54663166e+00 9.34980160e-01 3.13735990e-01 3.75026991e-01 1.12123329e+00 1.85593600e+00 2.57159726e+00 3.26087455e+00 3.91669605e+00 4.53233320e+00 5.10146971e+00 5.61826637e+00 6.07742097e+00 6.47422270e+00 6.80460048e+00 7.06516469e+00 7.25324202e+00 7.36690284e+00 7.40498102e+00 7.36708588e+00 7.25360622e+00 7.06570631e+00 6.80531396e+00 6.47510074e+00 6.07845454e+00 5.61944487e+00 5.10278105e+00 4.53376394e+00 3.91823149e+00 3.26249894e+00 2.57329394e+00 1.85768757e+00 1.12302177e+00 3.76834036e-01 4.33974773e-01 1.29747184e+00 2.14765717e+00 2.97580805e+00 3.77342785e+00 4.53233320e+00 5.24473791e+00 5.90333287e+00 6.50136106e+00 7.03268686e+00 7.49185899e+00 7.87416645e+00 8.17568688e+00 8.39332672e+00 8.52485307e+00 8.56891648e+00 8.52506487e+00 8.39374817e+00 8.17631363e+00 7.87499209e+00 7.49287503e+00 7.03388289e+00 6.50272480e+00 5.90485033e+00 5.24639353e+00 4.53410999e+00 3.77530758e+00 2.97777142e+00 2.14968405e+00 1.29954145e+00 4.36065855e-01 4.88470080e-01 1.46039865e+00 2.41734389e+00 3.34948776e+00 4.24726670e+00 5.10146971e+00 5.90333287e+00 6.64462926e+00 7.31775336e+00 7.91579908e+00 8.43263061e+00 8.86294539e+00 9.20232849e+00 9.44729792e+00 9.59534036e+00 9.64493692e+00 9.59557876e+00 9.44777228e+00 9.20303394e+00 8.86387470e+00 8.43377424e+00 7.91714529e+00 7.31928835e+00 6.64633728e+00 5.90519639e+00 5.10346961e+00 4.24938247e+00 3.35169769e+00 2.41962530e+00 1.46272814e+00 4.90823743e-01 5.37953801e-01 1.60834213e+00 2.66222925e+00 3.68880255e+00 4.67752962e+00 5.61826637e+00 6.50136106e+00 7.31775336e+00 8.05906728e+00 8.71769711e+00 9.28688548e+00 9.76079264e+00 1.01345564e+01 1.04043421e+01 1.05673818e+01 1.06220026e+01 1.05676443e+01 1.04048645e+01 1.01353334e+01 9.76181610e+00 9.28814496e+00 8.71917970e+00 8.06075777e+00 7.31963441e+00 6.50341336e+00 5.62046887e+00 4.67985972e+00 3.69123635e+00 2.66474178e+00 1.61090760e+00 5.40545899e-01 5.81918246e-01 1.73978440e+00 2.87980078e+00 3.99027111e+00 5.05980221e+00 6.07742097e+00 7.03268686e+00 7.91579908e+00 8.71769711e+00 9.43015367e+00 1.00458591e+01 1.05584965e+01 1.09628063e+01 1.12546403e+01 1.14310044e+01 1.14900892e+01 1.14312884e+01 1.12552054e+01 1.09636467e+01 1.05596036e+01 1.00472216e+01 9.43175743e+00 8.71952576e+00 7.91783385e+00 7.03490689e+00 6.07980347e+00 5.06232274e+00 3.99290381e+00 2.88251864e+00 1.74255953e+00 5.84722184e-01 6.19912351e-01 1.85337690e+00 3.06782625e+00 4.25080045e+00 5.39016246e+00 6.47422270e+00 7.49185899e+00 8.43263061e+00 9.28688548e+00 1.00458591e+01 1.07017647e+01 1.12478728e+01 1.16785804e+01 1.19894686e+01 1.21773477e+01 1.22402902e+01 1.21776503e+01 1.19900706e+01 1.16794757e+01 1.12490522e+01 1.07032161e+01 1.00475676e+01 9.28883352e+00 8.43479824e+00 7.49422396e+00 6.47676076e+00 5.39284756e+00 4.25360504e+00 3.07072157e+00 1.85633323e+00 6.22899361e-01 6.51546305e-01 1.94795421e+00 3.22437657e+00 4.46771761e+00 5.66522094e+00 6.80460048e+00 7.87416645e+00 8.86294539e+00 9.76079264e+00 1.05584965e+01 1.12478728e+01 1.18218486e+01 1.22745351e+01 1.26012878e+01 1.27987543e+01 1.28649088e+01 1.27990723e+01 1.26019205e+01 1.22754760e+01 1.18230881e+01 1.12493982e+01 1.05602922e+01 9.76284009e+00 8.86522363e+00 7.87665211e+00 6.80726805e+00 5.66804306e+00 4.47066532e+00 3.22741963e+00 1.95106139e+00 6.54685741e-01 6.76495551e-01 2.02254597e+00 3.34784556e+00 4.63879706e+00 5.88215562e+00 7.06516469e+00 8.17568688e+00 9.20232849e+00 1.01345564e+01 1.09628063e+01 1.16785804e+01 1.22745351e+01 1.27445560e+01 1.30838208e+01 1.32888489e+01 1.33575365e+01 1.32891790e+01 1.30844778e+01 1.27455330e+01 1.22758221e+01 1.16801642e+01 1.09646707e+01 1.01366823e+01 9.20469397e+00 8.17826772e+00 7.06793441e+00 5.88508581e+00 4.64185765e+00 3.35100514e+00 2.02577214e+00 6.79755204e-01 6.94504116e-01 2.07638690e+00 3.43696646e+00 4.76228358e+00 6.03874081e+00 7.25324202e+00 8.39332672e+00 9.44729792e+00 1.04043421e+01 1.12546403e+01 1.19894686e+01 1.26012878e+01 1.30838208e+01 1.34321171e+01 1.36426030e+01 1.37131191e+01 1.36429420e+01 1.34327915e+01 1.30848239e+01 1.26026091e+01 1.19910946e+01 1.12565543e+01 1.04065246e+01 9.44972637e+00 8.39597627e+00 7.25608547e+00 6.04174900e+00 4.76542564e+00 3.44021016e+00 2.07969895e+00 6.97850542e-01 7.05387236e-01 2.10892461e+00 3.49082492e+00 4.83691021e+00 6.13336997e+00 7.36690284e+00 8.52485307e+00 9.59534036e+00 1.05673818e+01 1.14310044e+01 1.21773477e+01 1.27987543e+01 1.32888489e+01 1.36426030e+01 1.38563873e+01 1.39280085e+01 1.38567316e+01 1.36432880e+01 1.32898676e+01 1.28000963e+01 1.21789992e+01 1.14329484e+01 1.05695984e+01 9.59780686e+00 8.52754413e+00 7.36979085e+00 6.13642530e+00 4.84010151e+00 3.49411944e+00 2.11228856e+00 7.08786102e-01 7.09033254e-01 2.11982525e+00 3.50886836e+00 4.86191132e+00 6.16507225e+00 7.40498102e+00 8.56891648e+00 9.64493692e+00 1.06220026e+01 1.14900892e+01 1.22402902e+01 1.28649088e+01 1.33575365e+01 1.37131191e+01 1.39280085e+01 1.39999998e+01 1.39283545e+01 1.37138077e+01 1.33585605e+01 1.28662577e+01 1.22419502e+01 1.14920433e+01 1.06242307e+01 9.64741618e+00 8.57162145e+00 7.40788396e+00 6.16814337e+00 4.86511911e+00 3.51217991e+00 2.12320659e+00 7.12449688e-01 7.05404762e-01 2.10897700e+00 3.49091165e+00 4.83703039e+00 6.13352236e+00 7.36708588e+00 8.52506487e+00 9.59557876e+00 1.05676443e+01 1.14312884e+01 1.21776503e+01 1.27990723e+01 1.32891790e+01 1.36429420e+01 1.38567316e+01 1.39283545e+01 1.38570759e+01 1.36436270e+01 1.32901978e+01 1.28004144e+01 1.21793018e+01 1.14332325e+01 1.05698610e+01 9.59804533e+00 8.52775601e+00 7.36997396e+00 6.13657777e+00 4.84022177e+00 3.49420626e+00 2.11234104e+00 7.08803713e-01 6.94538988e-01 2.07649116e+00 3.43713904e+00 4.76252270e+00 6.03904402e+00 7.25360622e+00 8.39374817e+00 9.44777228e+00 1.04048645e+01 1.12552054e+01 1.19900706e+01 1.26019205e+01 1.30844778e+01 1.34327915e+01 1.36432880e+01 1.37138077e+01 1.36436270e+01 1.34334660e+01 1.30854809e+01 1.26032419e+01 1.19916967e+01 1.12571195e+01 1.04070471e+01 9.45020086e+00 8.39639784e+00 7.25644981e+00 6.04205236e+00 4.76566492e+00 3.44038290e+00 2.07980338e+00 6.97885582e-01 6.76547411e-01 2.02270102e+00 3.34810221e+00 4.63915267e+00 5.88260655e+00 7.06570631e+00 8.17631363e+00 9.20303394e+00 1.01353334e+01 1.09636467e+01 1.16794757e+01 1.22754760e+01 1.27455330e+01 1.30848239e+01 1.32898676e+01 1.33585605e+01 1.32901978e+01 1.30854809e+01 1.27465101e+01 1.22767632e+01 1.16810596e+01 1.09655112e+01 1.01374594e+01 9.20539961e+00 8.17889467e+00 7.06847624e+00 5.88553696e+00 4.64221349e+00 3.35126204e+00 2.02592744e+00 6.79807314e-01 6.51614622e-01 1.94815846e+00 3.22471466e+00 4.46818606e+00 5.66581496e+00 6.80531396e+00 7.87499209e+00 8.86387470e+00 9.76181610e+00 1.05596036e+01 1.12490522e+01 1.18230881e+01 1.22758221e+01 1.26026091e+01 1.28000963e+01 1.28662577e+01 1.28004144e+01 1.26032419e+01 1.22767632e+01 1.18243278e+01 1.12505777e+01 1.05613995e+01 9.76386376e+00 8.86615318e+00 7.87747801e+00 6.80798182e+00 5.66863737e+00 4.47113408e+00 3.22775804e+00 1.95126597e+00 6.54754388e-01 6.19996423e-01 1.85362826e+00 3.06824231e+00 4.25137694e+00 5.39089347e+00 6.47510074e+00 7.49287503e+00 8.43377424e+00 9.28814496e+00 1.00472216e+01 1.07032161e+01 1.12493982e+01 1.16801642e+01 1.19910946e+01 1.21789992e+01 1.22419502e+01 1.21793018e+01 1.19916967e+01 1.16810596e+01 1.12505777e+01 1.07046677e+01 1.00489303e+01 9.29009327e+00 8.43594216e+00 7.49524033e+00 6.47763914e+00 5.39357894e+00 4.25418192e+00 3.07113802e+00 1.85658498e+00 6.22983839e-01 5.82017212e-01 1.74008028e+00 2.88029054e+00 3.99094972e+00 5.06066272e+00 6.07845454e+00 7.03388289e+00 7.91714529e+00 8.71917970e+00 9.43175743e+00 1.00475676e+01 1.05602922e+01 1.09646707e+01 1.12565543e+01 1.14329484e+01 1.14920433e+01 1.14332325e+01 1.12571195e+01 1.09655112e+01 1.05613995e+01 1.00489303e+01 9.43336147e+00 8.72100866e+00 7.91918042e+00 7.03610329e+00 6.08083745e+00 5.06318368e+00 3.99358287e+00 2.88300887e+00 1.74285589e+00 5.84821627e-01 5.38066644e-01 1.60867950e+00 2.66278769e+00 3.68957632e+00 4.67851079e+00 5.61944487e+00 6.50272480e+00 7.31928835e+00 8.06075777e+00 8.71952576e+00 9.28883352e+00 9.76284009e+00 1.01366823e+01 1.04065246e+01 1.05695984e+01 1.06242307e+01 1.05698610e+01 1.04070471e+01 1.01374594e+01 9.76386376e+00 9.29009327e+00 8.72100866e+00 8.06244862e+00 7.32116979e+00 6.50477754e+00 5.62164783e+00 4.68084138e+00 3.69201063e+00 2.66530074e+00 1.61124551e+00 5.40659286e-01 4.88595642e-01 1.46077405e+00 2.41796528e+00 3.35034876e+00 4.24835847e+00 5.10278105e+00 5.90485033e+00 6.64633728e+00 7.31963441e+00 7.91783385e+00 8.43479824e+00 8.86522363e+00 9.20469397e+00 9.44972637e+00 9.59780686e+00 9.64741618e+00 9.59804533e+00 9.45020086e+00 9.20539961e+00 8.86615318e+00 8.43594216e+00 7.91918042e+00 7.32116979e+00 6.64804574e+00 5.90671433e+00 5.10478147e+00 4.25047478e+00 3.35255925e+00 2.42024727e+00 1.46310414e+00 4.90949911e-01 4.34111767e-01 1.29788142e+00 2.14833512e+00 2.97674743e+00 3.77461902e+00 4.53376394e+00 5.24639353e+00 5.90519639e+00 6.50341336e+00 7.03490689e+00 7.49422396e+00 7.87665211e+00 8.17826772e+00 8.39597627e+00 8.52754413e+00 8.57162145e+00 8.52775601e+00 8.39639784e+00 8.17889467e+00 7.87747801e+00 7.49524033e+00 7.03610329e+00 6.50477754e+00 5.90671433e+00 5.24804967e+00 4.53554128e+00 3.77649934e+00 2.97871143e+00 2.15036265e+00 1.29995167e+00 4.36203509e-01 3.75174011e-01 1.12167284e+00 1.85666357e+00 2.57260539e+00 3.26215289e+00 3.91823149e+00 4.53410999e+00 5.10346961e+00 5.62046887e+00 6.07980347e+00 6.47676076e+00 6.80726805e+00 7.06793441e+00 7.25608547e+00 7.36979085e+00 7.40788396e+00 7.36997396e+00 7.25644981e+00 7.06847624e+00 6.80798182e+00 6.47763914e+00 6.08083745e+00 5.62164783e+00 5.10478147e+00 4.53554128e+00 3.91976754e+00 3.26377793e+00 2.57430274e+00 1.85841583e+00 1.12346202e+00 3.76981764e-01 3.12387059e-01 9.33956162e-01 1.54594310e+00 2.14206904e+00 2.71621786e+00 3.26249894e+00 3.77530758e+00 4.24938247e+00 4.67985972e+00 5.06232274e+00 5.39284756e+00 5.66804306e+00 5.88508581e+00 6.04174900e+00 6.13642530e+00 6.16814337e+00 6.13657777e+00 6.04205236e+00 5.88553696e+00 5.66863737e+00 5.39357894e+00 5.06318368e+00 4.68084138e+00 4.25047478e+00 3.77649934e+00 3.26377793e+00 2.71757094e+00 2.14348233e+00 1.54740211e+00 9.35445918e-01 3.13892277e-01 2.46395092e-01 7.36657322e-01 1.21936163e+00 1.68955557e+00 2.14241509e+00 2.57329394e+00 2.97777142e+00 3.35169769e+00 3.69123635e+00 3.99290381e+00 4.25360504e+00 4.47066532e+00 4.64185765e+00 4.76542564e+00 4.84010151e+00 4.86511911e+00 4.84022177e+00 4.76566492e+00 4.64221349e+00 4.47113408e+00 4.25418192e+00 3.99358287e+00 3.69201063e+00 3.35255925e+00 2.97871143e+00 2.57430274e+00 2.14348233e+00 1.69067031e+00 1.22051242e+00 7.37832366e-01 2.47582332e-01 1.77875171e-01 5.31800556e-01 8.80269796e-01 1.21970768e+00 1.54663166e+00 1.85768757e+00 2.14968405e+00 2.41962530e+00 2.66474178e+00 2.88251864e+00 3.07072157e+00 3.22741963e+00 3.35100514e+00 3.44021016e+00 3.49411944e+00 3.51217991e+00 3.49420626e+00 3.44038290e+00 3.35126204e+00 3.22775804e+00 3.07113802e+00 2.88300887e+00 2.66530074e+00 2.42024727e+00 2.15036265e+00 1.85841583e+00 1.54740211e+00 1.22051242e+00 8.81100565e-01 5.32648832e-01 1.78732251e-01 1.07530293e-01 3.21487644e-01 5.32146610e-01 7.37345880e-01 9.34980160e-01 1.12302177e+00 1.29954145e+00 1.46272814e+00 1.61090760e+00 1.74255953e+00 1.85633323e+00 1.95106139e+00 2.02577214e+00 2.07969895e+00 2.11228856e+00 2.12320659e+00 2.11234104e+00 2.07980338e+00 2.02592744e+00 1.95126597e+00 1.85658498e+00 1.74285589e+00 1.61124551e+00 1.46310414e+00 1.29995167e+00 1.12346202e+00 9.35445918e-01 7.37832366e-01 5.32648832e-01 3.22000450e-01 1.08048421e-01 3.60821806e-02 1.07876347e-01 1.78563729e-01 2.47419090e-01 3.13735990e-01 3.76834036e-01 4.36065855e-01 4.90823743e-01 5.40545899e-01 5.84722184e-01 6.22899361e-01 6.54685741e-01 6.79755204e-01 6.97850542e-01 7.08786102e-01 7.12449688e-01 7.08803713e-01 6.97885582e-01 6.79807314e-01 6.54754388e-01 6.22983839e-01 5.84821627e-01 5.40659286e-01 4.90949911e-01 4.36203509e-01 3.76981764e-01 3.13892277e-01 2.47582332e-01 1.78732251e-01 1.08048421e-01 3.62560404e-02
